8
1 500 1000 200 42 777 13 99
3.214047
-1.543662
16.144526
16.298723
15.710135
16.156574
15.951356
15.951035
16.608568
16.770699
16.112101
15.962511
-6.803743
-1.804207
3.839983
16.271849
1.131031
2.064520
1.155826
0.731690
16.117979
-1.453328
15.832068
-2.816860
-0.188704
4.205397
-1.649557
3.419202
16.029030
16.464806
16.454100
2.267613
16.094786
1.127799
0.679040
-0.153237
0.683736
2.747364
2.110268
4.757025
16.958342
16.756359
15.623805
16.309752
16.090025
-0.557968
-4.167964
-1.571591
-3.469426
-0.739062
1.154605
0.400968
0.511285
15.974304
-1.125449
-0.173321
17.194397
15.900753
16.374718
16.380690
16.095533
16.757496
16.477348
15.872100
16.254627
0.507915
0.382189
0.615785
-1.100757
-1.554153
-2.115903
-1.939076
-2.178601
-1.892721
3.037928
1.814400
-3.251566
2.884498
-0.421050
-0.730911
-3.760144
15.515586
-0.990308
-1.237448
0.956567
5.040412
-2.337277
0.246238
-2.640424
5.947622
0.341663
16.428501
15.739150
16.056076
15.953386
16.479864
16.553362
16.228846
16.390045
16.382105
16.196369
16.689705
15.958563
16.411879
16.129986
16.692511
16.275860
16.086721
16.395908
16.014709
16.472624
15.804058
16.389755
16.395603
15.904327
16.466726
16.520187
16.120184
15.956188
15.766538
15.953201
16.178398
16.260340
15.688886
16.368166
16.138956
16.239729
16.232107
16.606453
16.054991
16.090084
16.150173
16.425966
16.210436
16.107302
16.693466
15.497061
15.878617
16.252483
16.560295
15.808303
15.628706
15.959961
15.483886
16.157782
16.393332
16.502935
16.596073
15.691421
16.727777
16.012182
16.220320
15.795451
16.152752
16.213430
16.015245
16.180271
16.799732
15.753276
16.612740
16.401546
15.802952
16.322664
16.503057
16.395014
15.674155
16.740952
16.221771
15.552155
16.512308
16.014845
16.132633
16.527313
16.438206
15.974855
16.230684
16.023985
15.861200
16.302423
16.283886
16.088352
16.387405
16.091560
15.862761
15.959652
16.083101
16.421385
16.386003
16.129093
16.361071
15.975263
15.612027
16.095442
15.988675
16.162048
16.293118
16.477222
16.297579
15.648184
-0.846561
16.407768
16.311308
16.831116
15.632575
16.543835
17.077677
16.770300
16.176617
16.250021
16.369631
16.036024
16.122484
16.323809
15.897552
15.727771
16.411905
15.917088
15.948163
16.055399
15.709122
16.069073
-0.695741
16.170692
16.575304
16.241446
16.047264
16.576931
15.976637
15.902876
16.452908
16.040604
16.113491
16.098768
16.035290
15.571232
16.069117
16.351486
16.175274
15.988578
15.966542
15.878058
16.081013
16.312889
16.245955
15.965464
16.296700
16.249008
16.132185
15.857882
16.226984
16.155554
16.180338
15.972259
16.203758
15.927732
15.830553
16.336908
5.755170
1.352663
-2.970088
3.909034
1.682614
2.210913
0.506418
-3.885545
2.991399
-1.476512
-3.287362
-0.186020
-1.017396
16.589552
2.875190
0.516779
3.260857
-0.591881
-0.884362
-2.336858
1.941987
0.764337
-0.982200
1.728712
2.799574
16.528198
0.639386
-0.112193
4.695999
0.525647
-2.287205
3.893835
0.370289
-0.361362
2.974654
-0.280529
2.002380
4.422807
16.370516
16.758204
16.387337
1.018486
-1.820264
-1.169020
-0.321262
0.678149
0.790975
-2.504564
16.503935
-1.031413
-3.399940
-3.162067
16.627079
-1.522779
0.206085
1.477044
16.582479
16.628571
-3.752166
15.973989
2.190197
-1.001510
0.109633
1.346118
16.388565
15.962615
1.162571
0.699782
16.112616
16.623140
-1.290227
-1.579354
15.858170
16.244728
-0.829782
-0.046286
1.713708
1.133719
16.291111
2.187948
-1.228127
15.684798
4.480006
16.373369
16.132532
16.300108
0.149689
1.592826
16.299133
2.345451
0.671808
2.116188
3.570983
1.298533
16.464205
15.983797
2.176022
16.772934
-1.036824
16.305672
-1.829952
15.752484
2.803429
16.445749
16.296640
16.375515
0.766859
16.204414
16.494343
-2.431454
15.941109
16.542923
16.784393
-1.182821
0.949110
16.421135
16.014862
-2.223593
-0.046096
16.257149
15.925749
15.957115
16.256880
16.499037
16.828741
16.465418
16.232954
16.173355
-1.574423
-0.676221
16.246796
16.518993
-0.453109
16.411488
0.663241
16.741472
2.754386
0.900483
15.878151
-0.463267
-1.124923
-0.044556
16.143614
16.092096
-0.854414
16.051142
16.244736
16.468616
16.835814
15.738066
1.822206
16.365576
16.275305
15.803320
-0.172258
-2.203576
0.179536
-0.157956
16.258818
16.206697
16.882338
16.073128
0.248076
15.898610
-1.604024
3.000861
16.620256
-0.674910
-0.912885
16.153244
16.041336
-1.561225
1.362476
16.188805
0.929735
16.767500
16.466307
1.720030
2.012055
16.192825
-0.725724
16.138880
3.949556
0.766851
16.196182
4.635551
-0.446907
16.181517
2.673678
16.410555
16.566107
16.241085
0.705768
16.689701
1.988921
-0.199783
-0.626871
1.161133
0.373932
-0.997207
16.288168
2.859825
16.439871
15.685799
16.434265
15.965528
3.184898
16.181908
-2.797566
15.719060
15.922902
-2.968299
16.145725
-0.898283
0.076216
15.753667
15.626987
1.911103
-1.526952
16.251682
2.229782
16.166983
16.077795
-1.245303
15.492475
16.008764
16.405611
15.662015
6.209581
4.651107
16.387199
15.523390
15.973295
-1.021915
16.148676
-0.587416
16.276913
16.646616
16.049053
15.902000
-1.161406
-0.432376
16.408211
16.530830
16.779186
4.844409
-0.292775
15.952737
16.111561
-0.436351
16.394392
2.642878
16.090935
15.623420
-4.079876
16.172018
16.299078
16.301262
15.784982
0.408432
16.046497
16.174564
-0.432020
-0.586212
16.113388
1.149559
16.113012
-1.879475
-0.720796
16.464626
1.338267
15.917505
16.673920
16.524525
16.058697
15.961496
2.874793
15.929090
-0.644399
16.141262
16.020788
16.074562
16.208380
2.536505
15.784099
16.098534
16.304527
16.166210
0.022213
16.350935
16.097008
1.030729
16.252144
16.115891
15.812197
1.507126
16.342966
1.724014
16.213451
2.966820
16.506390
16.069139
15.933052
16.714466
16.436056
15.968971
16.190266
16.466301
16.390879
0.707177
16.490757
16.812080
-0.104014
16.561052
16.334394
-0.761846
0.102355
16.071747
15.916727
15.964871
16.055103
1.748594
-0.547253
16.232660
4.722623
-4.590816
15.883275
15.614248
-1.262851
16.262278
16.167353
-0.106329
0.658900
-1.427240
2.370778
4.641838
3.581563
15.847126
15.840977
-2.506383
15.544110
-1.883363
0.827434
15.985574
-0.136701
1.497491
16.801723
1.552511
0.579921
15.973410
16.254612
16.395166
16.195305
1.198575
1.010709
16.174000
-1.958902
15.796705
2.862109
3.705823
16.261425
1.081946
16.858397
1.875593
15.862550
15.965257
16.237366
16.365410
15.627839
16.053316
16.465605
1.421974
15.983725
16.265604
2.561813
15.810933
15.914011
16.359333
16.076519
16.132050
16.614643
2.529636
15.548660
15.950572
16.076729
-1.678794
1.264409
16.455046
16.323009
0.478680
-0.674060
-0.064258
-0.619038
-0.280808
16.336794
15.874374
4.021360
16.324736
16.490499
16.376740
16.405470
16.160149
16.075695
16.534237
15.680140
15.971525
-3.315671
3.706980
15.760586
-0.021097
15.988317
15.658871
1.095162
3.863828
15.940754
16.741533
16.754135
16.689426
16.198687
16.651791
16.136374
16.069265
16.332466
15.982179
15.763123
2.717064
0.251174
16.109909
15.903885
16.368763
16.010223
16.472326
15.755311
1.085459
2.858815
16.795950
2.476708
16.045658
16.022331
16.763474
0.728679
15.957539
16.343958
16.491301
16.226377
15.858418
16.215752
16.337992
16.178297
16.438593
16.645262
2.548893
5.967930
16.329651
1.589309
-0.461422
16.788851
16.606941
16.010628
15.862014
-1.091135
1.627355
16.340940
16.266552
16.489199
16.371195
1.259985
15.969263
16.168194
16.323452
16.236450
16.303270
16.404629
16.322689
16.550949
16.438963
1.190294
0.317068
1.374503
16.164354
16.315529
1.981856
15.827951
3.282633
16.534233
-1.436860
16.164143
3.340665
-0.096675
15.638062
16.356508
16.210722
1.818531
0.605749
16.107832
-0.778935
15.788628
16.430471
15.368019
16.419956
15.783736
15.977787
16.477489
1.315966
16.133003
16.331306
16.370844
15.827292
16.532759
16.011856
0.941846
-1.240324
16.332035
15.928256
15.835742
16.369898
0.876384
-2.114501
2.076916
16.029072
15.991860
15.583817
16.065487
16.407583
16.561855
3.104188
16.386618
16.556324
16.610170
15.734895
15.980935
16.359388
16.220636
16.315477
-0.354145
16.326490
16.494267
-0.482649
16.129311
0.176631
0.094306
-0.040367
16.584246
15.971750
16.158764
16.639751
16.225021
15.652319
16.036268
15.741010
15.942612
16.254406
0.033359
-1.497813
-2.076950
15.882834
16.008272
0.473825
15.923078
15.820375
15.916900
15.908061
16.314623
16.323210
15.662745
16.014013
0.810898
16.338736
15.767945
16.318569
16.543217
15.805547
2.116120
16.603289
1.714791
-1.824911
16.664967
16.561970
16.359673
16.020021
16.006737
15.521749
15.963217
-0.316422
16.204866
-0.519400
16.494499
16.155237
16.134184
16.515949
15.890643
-0.237927
16.281870
-0.776354
1.116312
16.411568
15.665247
16.158323
16.247721
0.162393
15.750530
16.417301
16.387320
2.489767
16.428772
-1.781627
16.009808
16.452717
-0.507470
16.181692
15.449694
15.999362
16.546484
0.181183
15.687551
16.782202
15.373441
-3.749064
15.882267
1.554321
16.224882
15.847200
16.167755
15.956137
1.123709
15.774870
16.023758
2.752736
16.727682
-0.840257
15.884988
16.792294
16.629265
16.475019
3.152709
16.101492
2.122872
0.623787
15.644757
2.034200
16.302814
16.165960
2.648828
16.140759
16.216000
15.911652
-0.401550
16.550594
16.444561
0.250152
16.029896
2.592032
15.895619
15.870605
16.071495
16.093540
16.611603
17.028809
0.807150
16.096151
16.685812
16.629421
15.411774
16.375072
3.837271
15.945720
15.863012
-1.871000
4.451683
16.127813
15.880421
16.046419
-2.591323
15.811136
15.852440
16.108078
15.860003
16.048159
16.886930
-0.405459
15.936407
4.149353
16.154419
15.682669
15.688474
16.196878
16.288738
16.597755
16.832855
15.782404
15.830686
16.047651
16.686436
15.964385
16.277914
15.996073
15.916958
16.033379
16.261726
-0.507094
16.857698
16.302408
16.304966
16.197763
16.002104
1.412774
-0.811399
16.381733
-0.328075
-4.019951
16.235798
16.021097
16.003347
16.666031
16.009611
0.731686
16.438608
15.772687
16.122562
16.240007
16.423109
15.952868
16.278952
16.661030
16.409140
-1.337950
16.561916
16.048109
15.977972
16.389618
16.582355
0.517514
16.802921
0.641608
16.622072
4.900461
3.355730
16.225672
0.445555
16.390545
2.384518
16.008762
1.188882
16.022207
15.943645
16.158293
-1.671424
15.786098
15.734774
16.136162
15.814540
16.502665
16.039267
16.175579
15.870011
16.265848
16.044979
16.535908
1.835414
16.115368
16.223015
16.276442
3.414550
16.270262
16.072666
15.685314
16.004917
16.282562
16.152060
-0.356436
16.471323
16.594309
16.180756
1.497399
16.515432
16.436129
16.195009
16.129644
-0.025698
16.290947
3.594407
17.024937
16.240799
-1.693114
16.065041
16.295853
15.933811
16.248253
16.462585
15.759600
16.481853
16.472095
2.677492
16.032074
15.918428
-0.724725
3.692890
3.394050
16.315590
16.000063
16.673632
15.615166
15.988964
16.197008
16.029472
16.336994
15.992891
16.247049
15.831417
-0.957703
16.547867
16.119335
0.124547
16.342279
16.312807
15.793862
15.851880
16.032637
15.919324
16.098980
15.958302
16.142262
16.012157
1.625561
16.755478
16.283133
16.149532
15.417267
16.273590
16.207848
-0.249651
16.291666
16.479519
0.269079
-2.883696
3.243636
16.306961
16.105114
16.272465
16.022394
15.880424
1.641891
16.175661
15.824340
16.390373
16.209028
16.313311
16.235571
16.488285
15.964268
16.695335
15.626745
16.353352
16.074921
15.736338
3.386597
16.224804
16.446295
16.114990
16.220312
1.358435
16.536253
16.016533
16.390934
16.148800
16.089010
-2.805690
15.973225
16.557428
15.899765
-2.051646
16.273432
2.976262
0.104250
2.147362
5.055983
16.022764
15.919158
15.920780
16.914265
15.974480
16.169100
15.694468
16.403833
1.013370
1.619986
16.956867
15.794701
16.338051
4.045432
15.679933
2.113582
3.051329
16.402719
16.529463
16.174194
16.414642
16.507818
16.323917
15.857390
16.639919
15.980452
3.937514
16.618904
16.267464
15.511830
15.815845
15.721637
15.990254
16.216267
16.137295
1.919695
15.624439
16.556410
15.766796
16.497831
16.529016
16.646637
5.553946
15.939794
16.114111
16.480019
-0.017744
16.035036
16.260044
16.216757
3.506752
4.025590
16.275869
15.806800
1.060862
15.746518
16.235348
15.858627
16.168749
16.036213
16.346516
16.702127
-0.974627
2.117511
16.195946
16.072521
16.038990
15.979184
15.826967
16.382843
16.004896
16.055651
-3.320800
16.252733
15.991125
-0.806123
15.823884
16.166397
2.331685
15.856318
0.796314
16.328569
16.119570
16.098993
15.700851
16.125252
16.559380
0.296515
15.982798
16.106613
16.367847
15.951537
16.052650
-1.765978
16.495953
2.235362
16.341206
-0.948948
16.052031
16.348032
16.302917
-1.430328
16.110956
16.316891
15.867146
16.676752
16.794594
2.022804
-1.073572
15.691547
16.542767
15.731526
16.490355
15.721240
15.697901
2.790619
-0.225398
16.632734
16.185049
3.500565
16.015930
15.487812
16.677464
16.079622
16.456120
15.987155
15.893205
15.861394
16.104574
16.091141
16.323923
15.878574
16.551003
16.576475
1.982715
16.071562
16.260859
16.184561
16.315599
15.794047
16.200657
16.666403
16.087082
16.208040
16.141457
15.692101
16.363171
15.877213
16.211918
16.086943
16.468451
15.512956
5.182561
16.088816
15.908402
16.853886
15.738234
16.316919
16.427034
-1.394984
16.580801
16.447495
16.174707
15.867003
0.354270
15.593396
16.090359
15.912612
16.236437
16.362120
16.231634
16.413837
16.072023
15.815597
15.773179
15.733760
16.497561
16.346029
16.289406
1.809849
16.412371
15.835972
16.115505
1.604599
16.682850
15.978699
16.612478
15.669884
16.057758
16.259953
15.906591
2.860626
3.846425
16.501629
16.333069
15.764022
16.330025
16.070208
16.305756
16.288368
16.283455
16.544531
16.251921
16.251432
16.170372
1.465986
16.502207
16.590994
16.141703
15.906208
15.905863
16.488197
15.887619
-0.812749
16.668348
15.668549
0.247785
3.399402
16.001738
16.389193
15.819245
16.572941
16.665836
16.737444
16.341202
15.648868
15.750887
16.574287
15.981380
16.254068
16.091509
15.665034
16.226315
-0.502576
16.381079
-2.964786
16.188324
16.304901
16.653811
16.437023
15.824519
-1.353011
0.953080
15.980930
16.445171
1.689849
16.525135
16.468918
16.513283
15.771679
16.146496
16.387327
1.010173
16.216320
16.095860
16.667425
16.065464
16.452475
15.852234
16.211123
15.849524
15.953444
15.744252
16.544991
2.311523
15.974325
16.215218
1.863203
16.309546
16.261322
16.138836
16.310986
15.977466
16.026127
15.590605
16.966930
16.191748
16.203341
16.904491
16.425966
15.777596
16.059814
16.653997
16.382164
16.165722
16.372259
16.020239
16.552181
16.577618
15.755890
16.664711
-0.334394
-4.263203
-0.954386
1.263813
16.692987
-0.187573
16.302288
2.625838
16.561308
16.424397
16.361858
16.389370
16.090626
16.460314
15.548464
16.077358
16.412804
0.687475
15.623907
16.034409
16.160509
15.538407
4.249935
16.314108
16.206665
16.268661
16.176466
1.161507
16.100681
16.501040
-1.044745
15.721729
15.800035
16.179707
-1.439006
0.205629
15.815768
15.856041
0.657445
16.181910
16.531874
16.829062
16.816586
16.403616
16.273745
1.832394
15.986885
16.562464
15.759274
15.799989
16.145359
16.351021
16.176981
16.223289
15.970044
16.238924
-1.691618
16.163977
16.221144
1.301019
16.001671
15.695353
16.530453
16.294611
16.294607
16.034435
15.732244
16.374882
16.477562
16.703600
15.994424
15.610972
16.601871
15.869270
16.401617
16.483624
15.919830
16.614750
-1.940825
-0.270458
16.216635
-1.515993
15.924479
3.499939
-0.577794
16.378418
16.426426
15.957343
16.111242
16.062479
16.011738
1.722531
16.136560
16.386335
16.007113
16.092077
15.862087
-2.638518
15.775515
15.636941
15.886914
15.624712
16.401367
3.797092
16.006388
16.269072
16.249325
15.980161
16.326126
15.879498
16.559189
16.006361
16.436605
16.249311
15.813308
16.214888
15.799573
16.056381
15.586057
16.245148
16.073635
15.613982
16.055174
15.826485
16.687050
1.433242
0.217010
16.619776
-2.279319
16.144346
15.530240
15.444671
16.341761
16.033058
16.158754
16.102837
16.173149
16.426167
16.428837
16.084921
16.145094
16.175756
16.585278
15.941734
16.160126
16.014893
16.254280
16.836409
-2.442822
1.393572
15.652045
16.171885
15.957929
-0.687758
15.893121
16.039623
16.176250
16.105141
15.579399
16.075249
16.307491
15.911598
16.104685
16.385342
16.696280
16.462481
16.364546
16.208792
16.731651
16.197233
16.157627
16.406153
16.241211
15.459436
16.637524
-1.108932
15.761011
15.607208
0.411874
16.222744
15.762376
-0.556209
15.628360
15.436722
16.373327
15.951744
16.557669
16.017424
1.906489
5.730030
16.286119
15.958089
16.021021
16.152599
15.996280
16.069147
15.667043
15.900992
-2.176830
16.433250
1.931492
15.998825
16.191681
16.252237
15.837523
5.118729
15.803520
16.088551
15.950012
16.032255
16.085672
15.961853
16.159985
16.148212
16.463165
16.315760
16.237707
15.961503
15.928475
16.429710
16.778040
16.552067
0.083726
0.140695
15.938267
15.617540
16.274544
16.048477
16.082003
1.321694
16.408119
16.493792
16.334269
16.463333
15.879398
16.557299
16.203232
16.066866
16.448019
16.213167
16.207550
16.363369
15.861551
16.447121
15.859564
3.207572
16.025543
0.374024
15.941584
16.933300
16.106344
16.444126
16.779629
16.737625
1.838604
16.030142
16.569252
15.885880
16.189655
16.244709
16.667065
16.125422
16.438810
16.110912
16.495150
16.243319
15.815145
16.487932
16.048853
16.446333
-2.744719
16.417238
0.630165
0.970751
16.221176
16.007406
15.925180
16.393463
16.573425
15.726185
15.778887
15.468180
16.087357
16.489237
16.501936
2.829721
16.908997
16.047386
16.036095
15.433162
16.502728
16.377071
16.380556
0.879837
16.352501
16.238964
15.828425
16.164145
16.487101
15.567506
16.240732
16.309618
16.332630
15.986683
16.335279
15.715708
16.427389
16.077894
16.034542
15.823761
16.116835
15.759211
16.253796
0.426789
16.017962
15.790589
15.918036
16.337656
15.789918
15.751591
-0.940609
-1.563501
16.787214
15.612808
16.137320
0.913545
15.893183
-0.903821
16.406996
16.402666
16.130745
0.345792
15.472793
15.852372
4.221111
16.147158
-2.574843
15.850414
16.725559
16.286373
16.358715
16.331686
-1.689484
16.619017
2.087352
16.007677
16.603094
15.768177
15.745914
16.499668
16.045044
15.988381
16.271257
-1.228674
16.153915
16.064995
16.205973
15.970555
16.335176
16.178614
16.175554
16.352354
15.693957
16.308949
16.248713
16.251810
15.964508
15.733243
16.335260
16.600876
16.175755
16.065083
16.303156
15.959407
16.057695
16.376623
15.370605
16.298641
15.654309
15.660678
16.119324
15.864624
16.574926
15.610329
17.040867
16.063808
16.208202
16.576941
16.555378
16.545860
16.661287
16.261147
16.111717
16.018656
16.380032
16.028471
16.244246
16.228001
15.904501
16.916805
15.885479
15.977524
16.378904
16.065557
16.196434
16.481129
16.412077
16.419811
16.186378
0.308766
16.846376
16.434414
15.602212
0.525861
1.881181
2.669244
16.057192
16.535791
16.118080
15.999590
16.271162
16.471746
15.928324
15.405599
15.534809
15.897840
15.879802
16.205687
15.982743
16.527554
16.476900
16.294683
15.452854
16.011623
16.107822
15.909136
16.089983
16.377995
15.758678
-0.988159
3.708825
16.227619
1.859765
16.436630
16.340061
15.668242
16.055878
15.954048
15.956043
16.278496
-2.181721
15.842829
16.151596
15.733621
0.911443
16.026867
15.985348
15.858234
16.263044
15.956676
16.240681
16.534740
16.906820
15.702279
16.356501
15.520946
15.902112
16.624550
15.972470
16.365396
16.343189
16.451727
16.134220
16.781139
15.793388
-0.280446
16.511633
16.582153
16.472656
16.738987
15.792382
16.377945
16.076693
16.135052
15.911022
16.231699
15.783675
16.124760
16.072165
16.472799
-1.683522
15.976586
16.174379
16.166012
16.010462
15.817537
16.608168
16.016439
15.505884
15.922671
16.072412
-2.433588
15.902122
0.109539
16.115435
16.332977
16.242495
2.702574
16.414661
16.249865
15.927744
16.645964
16.609385
15.820244
16.133820
16.382315
16.154205
15.983381
16.432365
16.020506
15.838228
16.572054
16.183805
15.912856
16.109274
2.337522
3.909880
-0.674875
16.586136
15.830997
16.077871
16.069910
16.135536
16.803621
15.412468
16.436089
15.671270
15.862672
16.544384
15.554460
15.976159
15.970571
16.536379
15.964932
16.596348
16.037769
16.016308
16.492970
2.264488
15.908381
16.313089
16.895111
16.072977
16.651741
16.430189
16.071182
15.196257
15.665543
16.202843
16.343502
16.190220
2.425521
16.138634
3.147514
16.177248
16.581406
16.435074
15.891591
16.233149
16.019360
16.147223
16.235916
16.217638
15.935053
0.519415
16.084942
16.405617
16.125607
16.146606
15.872424
16.319771
16.331823
15.910941
16.286345
16.079140
15.812327
16.113674
2.706298
16.353476
16.277037
1.621951
16.370117
16.649103
15.910575
16.360525
16.166424
16.062050
1.644948
16.284534
16.109335
15.997749
16.248125
16.609964
1.772500
16.083214
16.266546
16.388803
16.016500
-1.517874
2.874761
16.434710
15.960727
15.962569
16.256363
16.364374
16.592842
16.015610
16.258137
15.621558
16.066711
2.046531
16.098499
16.554495
16.279539
15.924009
16.046408
-1.388024
16.483559
16.939983
16.005430
15.727364
16.386330
15.948215
16.463995
15.977011
16.535822
-0.201893
16.157455
15.552044
-0.620202
16.235014
15.863589
15.902795
16.301868
16.257181
15.934817
16.643106
16.511040
-1.962342
15.850646
16.188160
16.422066
16.257418
16.629507
-3.512524
16.198212
16.195652
1.173198
16.585739
15.936519
16.021746
15.878637
15.995774
15.965674
1.096290
16.172415
16.380424
16.623489
15.744545
15.860721
15.879375
0.151370
16.704954
15.775036
16.390059
16.248890
16.089890
16.487627
16.726990
15.882269
15.942057
16.377708
16.297958
16.393417
16.808697
16.556097
16.171141
16.200388
16.885170
16.297743
16.461140
16.089085
15.648684
-1.341607
16.253429
15.880672
16.608471
16.553724
16.662405
16.148296
15.879786
16.252123
1.793553
15.810163
-1.693357
15.671645
16.675377
16.191700
16.157223
15.662395
15.495274
16.161854
15.845798
16.262287
-0.787850
16.209530
16.488729
16.245853
16.287533
16.240911
15.993725
15.903179
16.639700
16.173597
15.876585
16.448208
4.062314
2.586043
16.195967
16.579134
15.713881
16.025778
15.672311
16.576305
16.479620
15.966733
15.794166
15.275238
16.286074
15.731721
3.049057
15.998558
16.431335
16.156496
2.753704
5.920987
15.710438
15.773789
16.556749
15.729275
2.166098
16.182491
15.845639
16.005003
16.157347
0.782700
16.839594
-1.174814
16.413857
16.296780
16.135700
16.336407
15.734262
16.263611
15.756322
16.696421
16.416353
16.055923
16.495428
-1.207034
16.235535
16.189257
16.320320
16.542576
16.283537
2.528750
16.865009
16.231333
16.669331
16.029535
15.684484
15.798326
16.305548
15.988745
16.335926
15.842511
16.066509
16.152184
15.840672
-1.106333
16.444342
15.625697
15.929999
15.986369
-0.643977
15.737054
1.087495
16.102585
16.456005
15.814563
16.369778
16.023680
15.951969
15.907156
16.721951
16.089409
16.647089
16.112547
15.950160
16.655859
16.049231
15.972257
16.125492
15.748672
16.673679
-1.641505
1.525216
15.946264
16.335831
15.566036
16.042227
2.361361
16.118061
-1.230118
16.425173
16.201052
16.106586
16.170008
16.004147
4.323075
16.374720
16.054653
15.544004
16.233822
16.583656
16.055937
15.791985
15.751369
16.448967
16.176023
15.869847
16.180197
16.681538
16.163267
1.852519
16.197197
15.979720
15.524553
16.490036
0.310469
16.297520
1.448476
15.781880
15.719407
16.064112
16.445284
16.221510
16.252977
15.941600
16.098089
16.273586
16.436270
16.344112
16.306723
16.445683
16.344074
16.011463
16.246115
15.938818
16.360538
16.402756
16.188646
15.892909
16.427092
16.068508
16.231829
16.387594
0.859759
15.695058
16.072054
16.210253
15.797915
16.165621
16.359463
15.827079
15.895562
16.014343
15.967134
16.470074
16.313690
16.572815
16.371170
15.888519
16.412670
16.744705
15.938451
15.909840
15.994786
15.642286
16.537611
16.233524
16.665422
3.715316
15.722270
16.222589
16.131287
-2.185248
15.976110
16.061367
16.147230
0.820651
16.217928
16.384102
15.946975
16.378826
15.960883
16.038763
16.370111
16.542160
16.377493
16.620224
15.881234
0.040374
15.810361
15.825906
15.834148
15.701218
16.488684
15.979436
16.442068
16.277540
16.065546
15.924372
16.116785
16.281258
16.094484
15.992578
16.705940
15.775998
16.114712
16.616648
16.057041
15.578898
-2.495436
15.966265
15.892200
16.396811
15.681118
16.006468
16.320040
16.354273
16.754177
16.773190
16.289553
15.900426
16.251266
16.238058
16.489645
16.146603
16.469194
15.947214
16.131382
16.126030
16.884693
15.685524
16.138788
16.373371
-0.225573
16.064798
15.869401
15.836138
16.271805
16.488237
15.778295
16.321972
15.756902
16.428474
16.426437
15.916724
16.087626
2.976061
16.130207
16.201736
16.301075
15.946968
15.991693
16.122900
15.632098
15.971516
16.247540
16.468311
1.108043
16.461365
16.293736
15.860847
15.498660
16.516249
16.208145
16.187141
16.016941
15.665424
16.534544
16.174173
15.689239
16.283468
15.913449
16.350864
16.556589
16.098444
16.159288
15.795460
16.399963
16.565943
15.854178
16.391342
16.379074
16.160416
16.509491
16.306076
16.065359
16.301714
15.962444
16.038286
15.779725
16.420771
16.285425
16.014208
15.627303
16.176189
16.095854
16.518116
16.780336
16.313515
15.925831
16.563023
3.651382
16.002117
2.577042
16.413286
16.232698
16.016317
16.353092
1.396309
16.169962
15.882747
15.667646
0.849327
16.238029
16.511501
16.386324
16.135134
15.906695
16.328190
16.699739
15.218630
15.961143
16.060572
16.078032
15.759787
15.839640
16.114916
16.086769
16.104294
16.359953
15.889843
16.633755
16.329697
15.959265
16.248592
16.261873
16.054739
15.718150
15.883423
16.298634
15.804838
2.860487
16.064737
16.833792
16.168701
16.608635
15.916297
15.907572
16.223076
16.711681
16.244596
16.046459
16.494211
16.397724
-3.663944
16.358212
15.773089
16.662457
16.054747
-0.182293
16.616907
15.854186
16.110678
16.554211
15.733568
16.262028
16.479134
16.134363
0.470725
15.945080
16.481531
4.054089
16.759287
16.098354
-1.312734
15.783834
15.903674
15.692523
16.430227
15.926450
16.158613
15.811171
15.859467
16.333488
16.121756
16.470404
16.251051
15.807255
16.187256
16.385935
15.701592
16.493454
16.476421
1.407815
16.119207
16.203827
16.186409
15.907279
2.786020
15.738883
15.882740
15.801019
16.272245
16.224876
16.344204
15.853579
16.281422
16.394243
15.853096
16.009180
15.928277
16.577641
16.109613
15.974056
15.848878
16.668724
16.083822
16.004679
15.903579
16.033045
16.929474
16.488539
16.231018
16.338345
16.210466
16.309496
1.641506
15.827047
16.237593
15.735334
16.571276
-0.777033
16.771296
16.029060
15.771756
16.099169
16.061466
16.049822
15.856360
16.386667
-0.665675
16.349249
3.566588
-0.531205
16.142567
16.319645
16.260721
16.521936
16.243675
15.616350
16.621408
16.778328
16.443897
16.583536
16.045937
16.181850
16.418194
16.235720
16.039383
15.875438
16.360952
15.920763
16.297497
16.324808
16.222124
16.025208
16.634295
0.535870
16.033552
15.606633
16.068108
16.614340
15.896232
16.410757
0.028035
16.458487
15.772743
15.853346
16.191343
15.895321
16.592148
16.721441
-0.441346
16.523951
16.247328
16.751995
16.354404
15.646618
16.469725
4.564515
-0.586458
16.232323
1.083427
16.367325
16.180967
15.685973
16.359669
16.167990
15.748869
16.471716
16.314709
15.711675
16.348646
15.830404
16.206379
16.278053
16.164558
16.564489
15.997852
15.855974
16.032553
16.580124
16.011597
15.920376
16.469852
16.132845
15.857821
16.176188
16.073046
16.106134
15.877151
-0.419519
16.613600
16.176947
16.297337
15.601562
16.197159
16.012384
15.970099
15.603128
15.915527
15.757176
16.795322
16.231316
16.229431
16.410637
16.533318
16.454655
15.622443
16.195309
16.836727
16.476816
16.024618
16.248884
16.877758
15.969277
15.603953
15.652274
0.730210
16.437157
16.014259
16.391495
15.942554
15.891058
16.125307
15.952646
16.092432
16.382320
16.411444
16.685856
15.996156
15.920738
16.237932
16.159624
0.540246
16.091629
2.461049
16.168743
16.486019
16.048521
4.024095
15.948151
16.232996
16.499899
15.886375
16.757746
15.925322
16.308182
16.160418
-3.962707
16.150902
16.069258
16.256012
15.500627
16.330824
16.328091
15.916144
16.538509
16.163504
16.280508
16.076712
15.980341
-0.380985
15.973703
15.882873
15.965015
16.477024
16.811785
16.289524
15.644461
16.551670
17.279482
-2.896043
-1.057089
16.069908
15.941038
16.371050
16.702112
16.167645
16.583300
15.664557
16.505411
16.492094
15.842025
16.250397
16.411844
16.255779
16.106003
16.250984
16.452585
15.699493
16.452106
16.451916
15.940125
16.229429
15.953733
16.219494
15.785876
16.147623
16.395130
16.032877
16.427238
16.648369
16.296713
16.637835
16.470572
1.392570
16.354143
16.641182
16.171968
15.804609
16.047241
16.026413
15.733980
16.426733
0.990859
16.002264
16.112415
16.401407
16.496923
15.916364
16.371254
16.757038
16.483366
0.590367
16.319269
15.775110
15.727903
16.654713
16.268362
16.371197
-2.341771
16.048630
16.250092
16.371168
16.263998
16.538366
16.782373
16.195631
15.790096
16.059483
16.205950
16.221622
16.665861
15.981371
16.585283
16.586306
16.126194
16.143082
16.198267
15.784551
16.121819
16.007969
16.078995
16.235313
15.896880
16.148918
16.847815
16.444378
15.972272
4.602290
16.239918
16.436762
15.812405
0.591926
5.801480
15.844174
16.550325
15.921979
16.054094
15.967627
16.199827
15.745270
16.408953
15.811130
16.709629
16.690426
16.199846
16.244665
1.939189
16.191086
16.464695
16.336369
15.715363
16.678801
16.698864
16.417349
16.182323
-1.718877
16.330423
16.834755
15.947133
16.423183
16.609144
15.738689
15.581046
16.492464
15.925022
15.770549
15.900439
16.180061
16.073200
16.385572
16.515720
16.482550
16.141487
15.872674
16.154043
16.516138
15.528637
2.008513
15.522375
15.819238
16.405922
16.232077
15.506982
16.042831
16.037672
16.239992
16.290197
16.162113
16.205530
15.346965
15.820929
15.906034
15.952298
15.812109
16.797495
16.811499
15.971581
16.099325
16.397156
16.433077
16.307220
15.820621
16.437653
16.991018
16.243000
16.565060
15.904948
16.154972
16.403959
15.826723
16.636667
16.160322
16.442715
16.259081
16.139656
15.540084
16.278135
16.734070
16.290064
16.553482
15.924540
15.995306
16.149229
16.201696
16.323750
16.302084
15.890938
16.046118
15.910087
16.282089
2.403410
16.130890
-1.521539
15.788869
16.274464
15.826518
16.216860
0.671898
15.784261
15.999016
16.154825
16.087915
16.100176
15.760398
15.839956
15.893777
15.973743
16.281027
16.216288
15.835732
16.203718
16.073235
16.531076
15.839614
16.160456
16.803391
16.660973
15.899698
15.847029
16.286125
16.301764
4.556225
16.179235
15.617060
-0.992378
15.475422
16.183840
16.072956
16.374538
15.796457
16.111391
16.252937
16.201515
3.879464
16.150654
15.764258
16.172272
16.226095
16.016689
16.139172
16.151129
16.708878
16.078623
16.431591
16.065050
16.703382
15.932567
16.042923
16.401718
16.672396
15.941308
16.450943
15.998272
15.729209
15.455899
16.011999
16.577019
2.067465
15.751044
16.340115
16.089205
15.774988
16.405617
16.437511
16.156998
16.492226
16.785311
15.981813
16.385927
16.082550
16.368793
16.101646
16.321260
15.844288
16.380720
16.284513
0.494034
15.731572
16.278658
16.436697
16.245975
16.315344
16.067198
16.113138
15.887770
16.189140
16.005068
16.035492
15.698193
16.011463
-2.387464
15.851569
16.361080
16.239431
15.823110
16.543562
16.364183
16.371441
15.614296
16.361710
16.291739
16.130884
15.678935
16.921154
16.259748
16.817066
16.316818
16.203783
16.007153
16.035994
16.175604
15.813176
15.903182
16.113861
16.342869
15.964641
15.862174
16.549417
16.608141
16.482830
16.497692
16.537695
16.037079
15.794833
16.079382
-3.050170
15.687315
15.794610
16.177223
15.829465
16.381947
15.998364
15.734901
16.054922
16.237064
16.527327
16.383368
1.968462
15.835781
16.223885
16.441431
16.394821
15.868502
16.170668
16.209787
16.440350
0.929075
15.566238
16.334370
15.882918
16.124159
15.627383
16.482347
16.097675
16.169981
-1.495052
16.778713
16.014378
16.187956
2.500204
16.487818
15.528337
15.946579
16.637108
16.094852
16.228212
1.694852
16.182482
16.388556
16.298519
15.878849
16.145868
16.196053
16.360182
16.922142
16.081606
16.457838
16.430347
0.789924
16.160652
16.218952
16.576937
16.686514
16.124117
16.132179
16.258028
15.577243
0.407286
16.079615
15.835096
16.325512
16.224033
2.529603
15.900694
-0.073676
16.356115
16.821865
17.022371
16.895044
3.305378
16.194193
16.183239
16.089712
15.690971
16.048246
15.802030
15.748609
16.343801
15.967245
16.464783
15.784679
16.471960
16.025351
16.074535
15.982579
15.748013
15.932012
15.882564
16.179214
16.176624
16.263147
16.400141
16.050043
16.393021
16.295172
16.389555
15.709817
16.006691
16.011311
16.370174
16.432447
15.856508
16.362288
16.123581
16.748489
15.930278
15.862475
16.609627
16.958029
16.001135
16.432657
15.931250
16.373098
15.766993
16.612211
16.290543
16.298933
16.165054
15.425166
15.911975
16.679211
16.210274
16.029009
16.624573
16.643560
15.863998
16.015198
16.448959
15.901096
-1.973321
15.990570
16.272259
16.486094
15.824530
16.403576
15.778826
15.980882
15.720295
1.862509
16.109812
16.389757
16.372450
16.402115
16.306438
15.881257
16.245955
15.819223
16.395304
16.566805
3.902445
0.923864
15.662914
16.244419
16.016926
16.366442
16.023254
15.960100
15.851359
15.767154
15.867365
16.862181
15.804505
3.934421
15.862739
16.205624
16.995667
15.852085
1.713938
16.147781
16.533182
16.184881
16.148039
16.314846
15.867734
16.115362
15.891431
16.397625
16.426620
16.318987
16.770100
16.599951
16.933041
16.303736
16.318861
16.850039
16.893122
16.087240
15.659681
16.385031
16.450611
15.970981
15.804557
16.150225
15.891563
16.105028
16.789238
16.141195
16.387655
16.278324
16.458914
15.904692
16.405226
16.624411
16.217062
15.510110
15.645529
4.946040
16.050673
15.719766
16.087488
15.703687
16.040920
15.699958
15.863750
16.322062
15.950238
0.615188
16.212606
16.398853
16.174637
15.957233
16.307989
15.565775
16.272745
16.529905
-0.001178
16.266197
16.120306
-0.074115
-3.143292
16.320265
16.607525
0.026441
16.544529
16.364485
16.224567
16.268606
16.019163
16.243614
15.703579
16.178339
15.890283
15.818831
15.810740
16.569275
16.049397
15.734571
16.107315
15.815467
15.791190
1.277598
15.879186
16.268942
15.761866
15.987876
15.632503
15.630959
-0.974876
16.024780
16.021435
15.729202
15.974159
16.405197
15.877345
15.779881
15.953826
15.882565
16.462437
15.837921
16.367071
16.366777
16.147448
-1.236248
15.958700
16.036184
16.787632
15.827947
16.006289
16.675871
16.475710
16.015280
-0.622571
16.056711
16.064674
16.164263
15.708783
16.776711
15.984698
15.721879
16.143614
15.938025
16.172222
16.168060
5.797951
16.046827
16.318110
16.549274
15.815514
15.731164
15.834316
15.870461
16.738283
16.102787
15.906253
15.840469
15.865641
16.307240
15.963333
15.773780
16.599213
16.401438
16.170210
16.089254
16.600477
16.008209
15.525831
-1.016898
16.228807
16.037170
16.215387
16.097467
15.900683
15.801590
15.421796
16.524832
15.717658
-0.117290
-1.867700
16.065079
0.480380
16.573254
16.415201
16.161427
16.255152
16.279253
15.847909
16.498978
16.255301
16.485107
15.683876
16.576427
15.897057
16.386894
16.460798
16.433619
16.228081
15.879050
16.139717
16.355474
16.468483
15.922788
16.006849
16.508072
16.498652
15.286958
16.637936
15.971464
16.472443
16.214802
16.404108
15.810515
15.869328
16.403540
16.116074
16.328270
16.150148
16.007479
16.326685
16.942474
16.523943
15.806886
16.110405
15.836351
16.090879
16.161947
16.472124
16.695112
15.896545
16.544537
16.267345
16.367306
16.094503
15.774130
16.426777
16.457283
15.903234
15.947423
16.097006
16.370241
15.946600
2.624871
16.169626
16.748116
16.404696
16.208002
16.070213
16.388821
15.827600
15.483685
16.664810
16.596737
16.360411
16.233295
16.119282
16.214336
16.516830
16.330635
16.022457
16.110811
15.963353
15.917296
16.137550
15.854844
16.467152
15.836783
16.497568
16.197512
16.317930
16.415045
15.896860
-0.983113
16.214140
16.473434
16.032803
15.427737
1.853151
15.728127
16.063637
15.917546
16.496712
16.470894
16.583464
16.491261
16.336908
16.238413
16.521729
16.485773
16.148064
16.341667
16.130583
16.116615
16.084282
15.413665
16.095688
16.169855
16.506184
15.759155
16.084528
15.883965
16.232985
16.472437
15.873116
16.240902
3.381195
15.877267
15.869155
16.294874
16.117306
16.512897
16.174620
16.742786
16.648157
1.597949
15.933994
16.708057
1.055262
15.642555
16.280621
16.201742
16.350878
3.265659
16.368736
16.087252
-0.098810
16.335129
-1.400933
15.918777
16.188559
0.920459
16.405111
16.336060
16.300032
15.471190
16.691780
15.882505
16.116455
16.379694
16.753025
16.414351
16.050814
-2.039931
16.265734
16.463831
16.155041
16.087841
2.619644
-0.880076
1.502842
16.178368
16.712770
16.803461
16.553856
16.339869
16.085121
16.425455
16.551085
15.876832
16.373810
-0.565552
17.025057
16.497686
16.318171
15.793694
16.271854
16.266869
16.125017
16.202412
16.338293
16.497137
15.919357
16.680786
16.064573
16.161106
16.027086
0.304007
16.151440
16.323786
16.289707
16.338751
16.027481
2.144801
16.094637
16.849033
16.096670
15.920006
16.465096
16.280380
16.267965
16.382784
16.380863
15.760061
16.362885
16.411243
16.658913
15.811358
16.529547
15.875006
16.002598
16.520134
15.908661
16.445322
16.456081
16.025843
15.825369
16.344616
16.651379
16.210230
-0.856050
16.092108
16.026186
16.424242
16.295002
15.500551
16.749104
16.336990
16.200941
16.381014
-0.077748
16.142651
16.130915
16.493164
16.266254
16.606764
0.531358
16.144320
16.312677
16.849037
16.145462
16.154053
16.561853
16.204504
16.233721
-2.035141
-0.555271
16.118555
16.715570
15.732937
16.272978
15.858451
16.268639
16.603386
16.254339
15.750425
15.759861
1.018820
16.604240
15.661255
16.290041
16.201109
16.245390
15.990960
15.890695
15.890274
16.380669
16.140757
15.751321
-2.581564
16.148214
15.972735
15.926076
15.900971
15.694086
15.838146
16.359692
16.022932
16.031424
16.253529
16.412731
-0.338779
15.857881
15.985269
15.961044
16.081202
16.307432
16.451128
15.640351
16.550274
15.906002
16.384659
16.008238
15.856751
3.482973
16.288393
16.055506
16.071795
15.837716
16.632477
16.268295
16.096436
15.921182
16.699265
16.257635
16.540863
16.186556
16.452566
16.286400
16.550617
16.487307
16.467697
15.957897
15.881372
16.778084
16.179058
15.969720
16.529810
15.971568
16.431252
16.125174
16.304132
15.944147
16.341791
16.060823
-1.674050
-1.101107
16.451864
15.446529
-0.369998
16.081564
16.237925
16.436298
16.426773
16.071102
15.708811
16.326981
16.733681
15.741203
1.046005
15.936066
15.826881
16.617699
2.068458
15.603649
16.999231
16.849060
16.526415
16.136370
16.359615
16.275875
16.836784
15.817946
16.208120
1.580848
16.028997
15.730731
-0.415826
16.322187
15.882702
15.816420
15.887471
3.238747
15.759830
16.187260
16.217360
16.171682
2.807109
16.227745
15.844791
15.939629
16.374249
16.371143
16.781097
16.144070
16.160376
16.374331
16.777126
15.774499
16.559862
15.778760
16.459810
16.188141
16.387918
15.574350
16.389318
16.212538
16.067263
16.085249
16.377388
15.404256
15.910857
16.404795
16.449148
-1.301356
0.463417
15.821827
16.057144
16.777685
16.393084
0.897299
0.212398
16.427641
16.162140
15.647064
15.791138
16.203646
16.205822
16.439877
16.362976
15.592095
15.710001
16.026556
15.849648
15.815073
16.682678
16.050373
16.003782
16.275358
16.688896
16.394098
16.296524
15.687675
15.797544
1.412472
16.124716
0.983951
16.038191
16.061609
15.710401
16.185915
16.231665
16.272478
16.229824
16.426304
16.175947
16.452137
15.558368
16.135098
16.661417
16.012474
16.499323
16.140978
16.470276
16.920288
15.915907
15.947091
16.224953
16.412514
0.628702
16.197107
0.137825
16.332390
16.169874
16.739992
15.917895
16.256186
16.282682
2.146033
-0.188843
16.357620
16.118729
16.350731
15.812807
15.727178
16.474918
15.766889
16.703060
16.038490
16.571115
16.499361
16.325476
16.540632
15.887733
16.499607
16.482378
3.086944
16.742596
15.786906
16.384794
-0.865257
16.410662
16.005747
16.152288
16.326279
16.264469
16.470625
16.782970
16.459883
16.072760
16.169209
4.777699
15.738926
16.097012
15.984054
16.898693
16.150801
15.913271
16.048468
16.173971
16.442974
15.672729
1.804590
16.141901
15.850138
16.343843
15.834709
16.084789
15.813030
16.043236
16.120474
16.221285
16.178543
15.804919
16.399542
16.041031
16.386513
16.050690
16.366852
16.618305
15.864333
16.609453
16.290838
16.216461
16.021635
16.315958
16.198202
16.715895
16.333292
16.066238
16.329330
16.526310
15.596073
0.788044
17.070660
16.468260
16.632526
0.351179
-0.507482
16.311609
16.459816
16.277817
15.692594
16.732670
16.193148
16.737959
15.884595
16.326439
16.902885
16.788273
16.626125
16.409700
16.340637
16.084997
15.973025
16.241438
16.372917
16.239882
16.712671
16.160353
16.113905
16.501602
16.524584
16.033966
16.234461
-1.096428
16.287249
-3.009201
1.908305
16.036411
16.257927
15.935049
16.043045
4.112954
16.033117
15.364965
16.279936
15.728726
16.739456
16.300528
15.614447
1.626575
15.971577
16.451508
16.575718
16.682892
16.053658
15.907710
16.476624
16.629669
16.700987
-4.578890
16.759125
16.457315
16.173090
16.081560
16.449160
15.968432
16.438509
16.214230
-1.378494
16.709208
16.420225
16.007156
16.122557
16.164373
16.345482
16.244093
16.008566
16.052414
16.005657
16.048721
15.975664
16.074165
15.523639
15.962780
15.720235
16.323036
16.420284
16.627462
16.528542
16.401678
16.070559
16.615152
16.227160
16.322941
16.348360
2.545543
16.252127
4.072234
16.586733
16.089575
0.977382
16.603239
-1.009951
15.357565
15.966291
3.948866
16.072807
16.518579
16.220394
15.663366
16.057016
16.305464
16.019169
16.194044
15.875232
16.335043
15.692523
16.526869
16.205423
16.096670
16.420168
16.749399
16.112499
16.144638
-2.200069
15.852317
-1.508513
16.142517
16.170013
15.920415
16.489220
15.636080
16.045820
16.622652
16.317062
15.599985
